1		7969
2		7970
3		7969
4		7970
5		7969
6		7970
7		7969
8		7970
9		7969
10		7970
11		7969
12		7970
13		7969
14		7970
15		7969
16		7970
17		7969
18		7970
19		7969
20		7970
21		7969
22		7970
23		7969
24		7970
25		7969
26		7970
27		7969
28		7970
29		7969
30		7970
31		7969
32		7970
33		7969
34		7970
35		7969
36		7970
37		7969
38		7970
39		7969
40		7970
41		7969
42		7970
43		7969
44		7970
45		7969
46		7970
47		7969
48		7970
49		7969
50		7970
51		7969
52		7970
53		7969
54		7970
55		7969
56		7970
57		7969
58		7970
59		7969
60		7970
61		7969
62		7970
63		7969
64		7970
65		7969
66		7970
67		7969
68		7970
69		7969
70		7970
71		7969
72		7970
73		7969
74		7970
75		7969
76		7970
77		7969
78		7970
79		7969
80		7970
81		7969
82		7970
83		7969
84		7970
85		7969
86		7970
87		7969
88		7970
89		7969
90		7970
91		7969
92		7970
93		7969
94		7970
95		7969
96		7970
97		7969
98		7970
99		7969
100		7970
